Net Save ...
<function sigmoidea_bipolar at 0x10318d230>
0.1
1000
0.6
0.01
0.75
3
[15, 5]
1
[ array([[ 2.17980983, -0.05586011, -0.74771135, -2.21735495,  2.41068909,
         1.72036716,  0.19055224,  1.51732702, -2.98633246,  2.94175498],
       [ 0.71214342, -2.48405197,  0.58463347, -0.73496013, -3.15671405,
         0.05585353,  0.68785289, -1.38231976,  2.96839601, -1.32284527]])
 array([[-1.08471203,  0.27696331,  0.45547848,  1.02462264,  1.82996935,
         1.22960202, -0.92937785, -3.31242352, -2.72248154, -1.36626644,
         0.53386768,  0.45266792,  2.72915778,  8.06203155,  1.22352636],
       [-0.16372642, -0.09758778, -2.39902305,  0.57495674, -2.70663479,
         3.56041834, -0.20428346,  0.03681806, -4.33301402, -0.74934037,
        -0.01473981, -1.82390466,  0.49325103, -5.82631433, -0.54498849],
       [-2.90404565, -2.36977131,  2.73298257, -0.46822436, -1.44085868,
        -1.36860683, -1.20443143, -0.53791706,  2.47002867, -2.02642761,
         2.47070679, -0.32608308, -2.64714175,  8.52223031, -0.07157141],
       [ 2.26450674,  1.57614264, -1.41388907,  1.47767922,  2.29094085,
         2.58368646,  3.25585636, -1.47528775, -2.77920664,  3.67125012,
        -1.62637986,  0.6271389 , -1.81395901, -5.54109674, -3.18489581],
       [-2.48448494,  1.71756437, -3.15030204,  2.35854338, -2.46816319,
         4.82497776,  1.90544787,  1.85563905, -2.99091655,  1.46044614,
        -3.55454845, -0.36408797, -3.40227785, -9.92518536,  2.03033364],
       [-1.01593629, -2.578143  , -1.59722261,  2.40038597, -0.58253384,
        -0.64272106, -0.01031205, -1.78795529,  1.65911028, -5.12576989,
        -3.09809348, -6.28473034,  3.59883314,  0.77974619,  1.88260843],
       [-4.06503913,  2.24645763, -3.66167262,  2.73563324,  1.3206122 ,
         4.61137626,  1.90466147,  1.37361964, -1.21517842,  1.52302871,
        -3.49296369,  1.90833253, -1.63969154, -5.12618314, -2.05316604],
       [-0.10519173,  0.82852635,  2.3254514 ,  3.02840063,  3.5319238 ,
         2.31886869,  2.86888235,  0.03132658, -0.92279782,  0.31631073,
         0.64081727,  5.50161358, -2.86077181, -5.48119393, -1.1509885 ],
       [ 4.14555888,  2.59105513,  2.4419556 , -0.60317643,  3.54095171,
        -3.69821088, -0.01244897,  1.61370269, -0.34837718,  1.96429311,
         3.20776636, -1.05653204, -0.26993496, -1.06856953,  2.34419898],
       [ 0.8102031 ,  1.60177536, -2.69737211,  1.61140542,  0.87573637,
        -2.62917719, -2.11136978, -2.63180716,  3.86294779, -2.35002328,
        -1.10629843,  3.8981925 ,  0.65899568, -0.39389163, -2.64582536],
       [ 1.02474967,  0.85476863,  1.17350419,  1.80129775, -0.43586931,
         1.69728517,  1.62012844, -2.32222297, -0.5255268 , -3.94479262,
        -0.62887568, -4.20399765, -1.60845812,  2.22287521,  1.21448254]])
 array([[ 1.8066858 ,  1.85875333, -0.51945335,  1.97633885,  0.33163308],
       [ 3.07701062, -0.84070698,  1.38254691,  1.17845059,  0.65908979],
       [-3.67790569,  1.19919517, -1.13294772, -3.32030852,  0.02571357],
       [ 4.96992169, -1.23253195,  3.30470284,  5.82568795, -1.78251688],
       [-2.31490641,  0.50486046, -4.89640678, -5.54267212,  1.0578483 ],
       [ 5.44343199,  0.46699125,  0.86067754,  2.8726553 ,  0.9683835 ],
       [ 3.53005613, -1.67314996,  2.37637752,  4.67191906,  1.10172756],
       [-3.67459353, -0.20673109, -2.10456481,  0.9298418 , -2.85881915],
       [-3.97514222,  0.96294142, -4.59354536, -5.91685902,  1.05069952],
       [-1.92284169,  0.50518967, -2.38804479,  1.188797  ,  0.2767259 ],
       [-3.9158673 ,  1.57669797, -1.03026592, -6.16649944,  2.10969699],
       [-0.29980593,  1.05623151,  0.30567235,  3.48703241, -1.56748987],
       [ 0.88551763,  2.14243501,  1.74452187,  1.45546003,  2.73138136],
       [-0.2797434 ,  0.91439803, -0.0616651 ,  1.18817189,  0.14720267],
       [ 2.59439823, -0.45055267, -0.9478915 ,  0.51880694, -0.65870412],
       [ 3.32759809, -1.92363819,  2.55980462, -0.71567181,  2.14697241]])]
[ array([[ 0.,  0.,  0.,  0.,  0.,  0.,  0.,  0.,  0.,  0.],
       [ 0.,  0.,  0.,  0.,  0.,  0.,  0.,  0.,  0.,  0.]])
 array([[ -4.25805083e-08,   5.50216224e-08,  -4.92515530e-10,
          2.10890170e-09,  -6.79831539e-10,  -7.18546341e-11,
          3.36595336e-09,   1.66603592e-10,  -7.84181719e-12,
         -7.32912866e-13,  -4.70250076e-11,  -3.97318827e-13,
         -9.78129792e-10,  -1.50129369e-12,   3.57400025e-11],
       [  6.24595617e-08,  -1.76497028e-06,   1.58141668e-08,
         -2.93803826e-08,   5.75336561e-09,   2.30717845e-09,
         -1.07809035e-07,  -5.22683063e-09,   2.51415075e-10,
          2.34532898e-11,   1.50499914e-09,   5.53473186e-13,
          3.14019867e-08,   4.82049973e-11,  -1.14688279e-09],
       [ -3.12487259e-08,   1.05188988e-06,  -9.42512691e-09,
          1.71766371e-08,  -3.39292279e-09,  -1.37506136e-09,
          6.42503612e-08,   3.11376781e-09,  -1.49833706e-10,
         -1.39763252e-11,  -8.96960188e-10,  -1.92999991e-13,
         -1.87152991e-08,  -2.87298233e-11,   6.83525981e-10],
       [  5.45952882e-08,  -1.19844715e-06,   1.07378395e-08,
         -2.05003344e-08,   3.99675305e-09,   1.56657712e-09,
         -7.32071748e-08,  -3.55117474e-09,   1.70712784e-10,
          1.59251449e-11,   1.02192485e-09,   5.91070405e-13,
          2.13220726e-08,   3.27312550e-11,  -7.78746926e-10],
       [  5.54355889e-08,  -6.85226684e-07,   6.13910128e-09,
         -1.25903581e-08,   2.53551321e-09,   8.95652760e-10,
         -4.18612195e-08,  -2.03339846e-09,   9.76071253e-11,
          9.10612002e-12,   5.84338033e-10,   6.47270648e-13,
          1.21905019e-08,   1.87133071e-11,  -4.45247221e-10],
       [ -4.69040708e-09,  -2.57332392e-06,   2.30583414e-08,
         -3.97454325e-08,   7.32156344e-09,   3.36405384e-09,
         -1.57171467e-07,  -7.61068364e-09,   3.66575660e-10,
          3.41951808e-11,   2.19407505e-09,  -2.40282910e-13,
          4.57862454e-08,   7.02868071e-11,  -1.67218947e-09],
       [  2.36666736e-09,   8.72292140e-07,  -7.81614893e-09,
          1.35403741e-08,  -2.42965270e-09,  -1.14032251e-09,
          5.32777120e-08,   2.58021372e-09,  -1.24248430e-10,
         -1.15889383e-11,  -7.43720463e-10,   3.85647080e-14,
         -1.55203040e-08,  -2.38253108e-11,   5.66828865e-10],
       [  1.85230799e-09,   1.15430495e-06,  -1.03429925e-08,
          1.81225325e-08,  -3.18647299e-09,  -1.50897166e-09,
          7.05037616e-08,   3.41534797e-09,  -1.64419771e-10,
         -1.53362494e-11,  -9.84143795e-10,  -4.73074170e-14,
         -2.05378236e-08,  -3.15276761e-11,   7.50081618e-10],
       [ -1.62376918e-08,  -5.02703884e-07,   4.50485823e-09,
         -7.03028626e-09,   1.33076924e-09,   6.57227915e-10,
         -3.06998611e-08,  -1.48396143e-09,   7.16159963e-11,
          6.68042640e-12,   4.28619651e-10,  -3.39719465e-13,
          8.94504638e-09,   1.37317813e-11,  -3.26675689e-10],
       [ -4.01462218e-09,   7.30895695e-07,  -6.54932993e-09,
          1.11681483e-08,  -2.21410278e-09,  -9.55502310e-10,
          4.46398198e-08,   2.16074225e-09,  -1.04112169e-10,
         -9.71098142e-12,  -6.23235107e-10,   1.60913831e-13,
         -1.30047681e-08,  -1.99637727e-11,   4.74951838e-10],
       [ -6.64789582e-09,  -2.40843181e-06,   2.15810832e-08,
         -3.67721407e-08,   6.91107276e-09,   3.14853200e-09,
         -1.47097535e-07,  -7.12100918e-09,   3.43076518e-10,
          3.20014374e-11,   2.05353337e-09,  -4.30628624e-13,
          4.28528179e-08,   6.57838048e-11,  -1.56504724e-09]])
 array([[  1.87094514e-014,   5.20420338e-006,   6.82894976e-011,
          9.88131292e-324,   2.56656617e-007],
       [ -1.87056380e-014,  -3.43019467e-006,  -6.82755787e-011,
          9.88131292e-324,  -1.74193114e-007],
       [  1.87096053e-014,  -5.80246112e-006,   6.82900593e-011,
         -9.88131292e-324,  -2.57137868e-007],
       [ -1.87096053e-014,   5.79651990e-006,  -6.82900593e-011,
          9.88131292e-324,   2.56882641e-007],
       [  1.84017127e-014,  -5.80459166e-006,   6.71662515e-011,
         -9.88131292e-324,  -2.57252227e-007],
       [ -1.87096053e-014,   5.80838292e-006,  -6.82900593e-011,
          9.88131292e-324,   2.57414524e-007],
       [ -1.87096051e-014,   5.76591083e-006,  -6.82900586e-011,
          9.88131292e-324,   2.55430436e-007],
       [ -1.87095547e-014,  -5.19171693e-006,  -6.82898747e-011,
         -9.88131292e-324,  -2.56489355e-007],
       [  1.87093892e-014,  -5.81128784e-006,   6.82892707e-011,
         -9.88131292e-324,  -2.57550237e-007],
       [ -1.87095164e-014,  -5.20215625e-006,  -6.82897350e-011,
         -9.88131292e-324,  -2.56977531e-007],
       [  1.87096053e-014,  -5.81084436e-006,   6.82900593e-011,
         -9.88131292e-324,  -2.57529519e-007],
       [ -1.87087204e-014,  -5.20218734e-006,  -6.82868293e-011,
          9.88131292e-324,  -2.56978974e-007],
       [  1.87096053e-014,   5.19274011e-006,   6.82900593e-011,
          9.88131292e-324,   2.56537625e-007],
       [  1.87096053e-014,  -5.81142164e-006,   6.82900593e-011,
          9.88131292e-324,  -2.57556487e-007],
       [  1.87096019e-014,   5.20056124e-006,   6.82900470e-011,
          9.88131292e-324,   2.56903014e-007],
       [  1.87096053e-014,   5.20218713e-006,   6.82900593e-011,
          9.88131292e-324,   2.56978974e-007]])]